128
0 8
8 5
13 7
20 6
26 6
32 5
37 6
43 3
46 5
51 5
56 3
59 6
65 4
69 7
76 6
82 6
88 15
103 5
108 7
115 8
123 6
129 4
133 5
138 4
142 5
147 8
155 2
157 3
160 3
163 10
173 6
179 6
185 6
191 5
196 4
200 5
205 4
209 5
214 7
221 7
228 5
233 4
237 3
240 4
244 9
253 8
261 7
268 8
276 5
281 7
288 4
292 6
298 3
301 4
305 6
311 8
319 4
323 5
328 5
333 9
342 2
344 6
350 6
356 8
364 7
371 10
381 5
386 5
391 5
396 8
404 9
413 9
422 8
430 3
433 8
441 5
446 5
451 5
456 5
461 10
471 4
475 4
479 8
487 5
492 7
499 6
505 7
512 7
519 5
524 7
531 6
537 5
542 6
548 10
558 4
562 5
567 4
571 6
577 6
583 6
589 3
592 8
600 4
604 5
609 5
614 9
623 10
633 8
641 4
645 4
649 9
658 6
664 5
669 11
680 4
684 8
692 4
696 6
702 3
705 4
709 5
714 7
721 7
728 5
733 6
739 3
742 6
748 8

93

756
0 9
0 9
0 9
0 9
0 6
0 6
48 3
67 5
120 8
8 6
78 7
92 3
113 7
29 8
54 8
16 4
11 8
18 8
35 3
115 9
13 9
78 4
35 5
47 2
62 6
108 9
69 9
121 2
28 5
31 2
76 6
116 10
49 9
27 5
12 9
35 9
85 9
79 2
16 3
106 9
25 4
70 10
77 9
98 4
74 9
105 7
1 6
8 4
8 4
37 8
61 6
97 1
63 6
56 6
46 2
51 2
29 10
74 3
79 4
85 6
79 4
2 8
107 2
13 2
58 2
5 9
44 1
14 8
106 7
3 9
72 9
106 4
98 6
11 2
14 4
89 3
12 8
70 4
13 4
109 1
41 1
82 1
87 1
65 1
29 8
61 8
31 2
66 5
2 4
6 3
76 9
106 5
70 4
59 6
25 3
54 10
63 7
69 4
93 8
95 3
101 8
115 2
124 7
61 8
110 1
26 9
51 10
79 10
115 3
47 6
2 8
59 5
67 4
88 7
126 9
111 6
44 7
49 2
79 4
64 2
93 4
112 2
113 3
83 8
30 1
44 9
45 1
50 10
78 8
25 5
74 4
26 9
81 1
95 8
106 8
40 2
88 6
119 8
75 8
108 1
107 8
74 8
62 7
122 3
49 8
94 8
104 9
21 5
16 3
62 10
6 4
122 2
90 9
97 1
120 3
17 9
21 9
5 5
85 3
40 6
4 5
89 1
82 4
2 8
10 10
15 8
90 2
68 1
122 8
43 7
46 4
68 9
90 8
20 1
119 5
89 9
114 3
99 10
111 5
4 2
15 2
66 1
32 1
50 6
101 8
43 9
107 8
103 10
31 1
72 6
112 3
127 4
113 2
71 5
74 7
115 3
105 6
91 4
64 4
121 9
3 5
2 3
5 9
112 2
54 8
62 3
57 2
122 3
127 7
8 8
124 6
45 3
41 5
94 8
44 9
90 3
51 10
96 2
97 5
104 6
105 9
59 2
49 6
71 1
83 4
102 10
107 9
124 2
22 2
27 6
104 5
113 9
82 8
37 5
109 2
14 1
90 6
65 2
86 6
57 4
32 9
29 7
110 1
69 9
12 1
19 7
38 9
20 9
123 1
65 3
64 10
52 8
63 5
37 3
99 5
20 1
52 8
56 8
59 7
109 10
120 2
9 2
124 5
55 1
29 4
76 3
81 6
126 9
3 2
18 6
63 4
105 1
59 7
71 1
79 6
98 4
0 3
116 2
127 1
107 4
110 10
5 9
19 2
39 6
63 4
24 8
57 5
107 5
77 9
31 6
20 10
110 2
38 10
75 8
17 10
9 2
96 7
117 10
44 8
45 8
54 5
72 4
113 9
111 6
76 5
2 8
71 10
16 10
52 5
35 8
110 2
46 1
63 6
86 10
59 1
71 1
85 9
89 10
91 5
9 6
45 8
110 6
125 6
36 2
42 4
49 5
58 3
64 8
57 3
99 10
11 2
93 9
64 2
16 6
18 5
39 2
47 7
93 10
106 5
55 1
45 7
127 9
70 1
85 3
15 8
17 8
8 6
110 7
113 6
127 7
24 7
25 10
36 3
79 8
3 6
125 6
9 6
47 4
49 4
55 6
44 5
16 7
69 1
90 2
34 4
44 10
58 2
57 8
113 1
19 2
65 8
15 1
42 2
44 3
101 4
64 8
75 5
74 5
104 2
116 7
118 1
31 1
97 6
15 5
126 10
106 1
18 4
0 5
71 8
105 3
114 7
29 1
29 9
77 5
84 2
103 9
4 9
43 9
63 1
88 6
113 3
16 4
86 8
108 7
14 4
16 4
60 1
6 10
94 9
113 10
99 4
106 8
120 5
47 1
54 10
67 8
55 1
98 8
33 5
39 1
93 5
99 3
13 9
53 4
93 8
32 6
86 8
106 2
91 6
117 3
101 6
115 10
75 7
7 9
10 3
21 4
65 5
23 8
33 7
92 3
114 5
23 8
51 8
65 5
121 7
73 7
16 9
53 5
87 7
46 3
4 6
50 9
68 5
126 5
6 9
100 9
3 4
82 4
1 7
20 8
91 1
6 2
10 4
11 4
19 4
62 8
89 7
47 6
17 10
121 1
126 8
84 3
92 8
91 5
105 4
46 6
115 10
21 1
102 5
78 4
40 8
28 4
101 2
14 1
83 8
103 3
111 4
20 8
82 8
39 4
85 1
123 6
80 3
127 2
68 2
121 1
99 8
86 4
89 3
11 6
27 3
60 3
5 9
83 1
55 9
42 6
55 10
72 8
84 4
69 8
92 8
96 9
15 1
76 7
96 9
121 9
94 2
95 10
103 6
69 6
22 6
18 7
101 2
118 4
28 1
30 9
79 7
93 5
55 10
13 3
84 3
29 2
38 3
29 8
41 6
63 2
25 9
34 4
78 1
80 5
72 6
55 5
74 3
80 8
115 6
1 3
86 8
109 10
58 9
59 10
72 8
89 5
71 5
16 8
19 4
110 8
100 1
110 7
70 9
87 2
24 8
37 8
22 8
104 9
87 10
16 3
126 8
87 9
86 9
51 7
38 2
9 1
66 6
38 5
25 1
117 9
115 6
7 4
13 6
71 8
47 4
127 3
114 6
45 5
58 10
84 8
30 10
71 3
70 4
77 9
93 1
103 6
65 4
73 6
82 2
16 8
88 2
105 2
31 8
124 8
81 5
39 10
112 7
106 4
32 10
100 6
68 9
87 6
82 3
40 5
95 9
24 9
38 6
65 2
7 7
34 6
47 1
67 3
101 2
80 4
38 9
121 9
113 9
6 9
13 4
16 5
22 8
59 5
72 2
102 4
70 8
66 1
12 7
11 2
23 8
32 8
48 4
39 9
49 5
116 6
117 8
23 1
69 7
3 9
117 9
14 1
41 2
45 10
92 10
17 1
43 1
56 6
61 7
93 8
48 10
54 2
93 7
50 2
19 6
53 6
82 4
30 5
123 6
127 6
35 2
102 7
32 3
19 2
119 6
33 2
40 9
53 9
64 1
69 3
70 10
105 9
19 3
1 7
61 6
120 8
30 3
98 6
74 5
67 7
18 3
73 10
81 10
92 6
97 6
16 2
2 9
33 3
48 2
65 7
4 10
107 6
97 9
107 8
108 9
72 3
51 10
123 9
88 4
65 1
123 1
30 5
112 6
122 2
22 8
1 8
113 8
45 2
25 3
70 5
4 2
75 7
84 1
87 9
105 9
34 9
79 1
24 3
25 2
29 8
119 2
36 3
125 9
124 5
44 1
83 6
117 9
111 6
118 1
37 6
46 5
16 7
101 8
39 2
122 5
122 9
62 6
56 6
66 10
77 5
95 8
18 9
79 8
46 9
33 4
48 1
84 2
98 3
59 9
111 6
36 7
61 7
